6	0	6	0	6	0	6	0	6	0	6	0	6	0	6	0	6	0	6	0	0	0	0	0	0	0	0	0	0	0	0	0	0	0	0	0	0	0	0	0	0	0	0
0	0	0	0	0	0	0	0	0	0	0	0	0	0	0	0	0	0	0	0	43	0	43	0	43	0	43	0	43	0	43	0	0	0	0	0	0	0	0	0	0	0	0
6	0	6	0	6	0	6	0	6	0	6	0	6	0	6	0	6	0	6	0	0	0	0	0	0	0	0	0	0	0	0	0	6	0	6	0	6	0	6	0	6	0	6
0	0	0	0	0	0	0	0	0	0	0	0	0	0	0	0	0	0	0	0	0	0	0	0	0	0	0	0	0	0	0	0	6	0	6	0	6	0	6	0	6	0	6
0	0	0	0	0	0	0	0	0	0	0	0	0	0	0	0	0	0	0	0	6	0	6	0	6	0	6	0	6	0	6	0	0	0	0	0	0	0	0	0	0	0	0
6	0	6	0	6	0	6	0	6	0	6	0	6	0	6	0	6	0	6	0	0	0	0	0	0	0	0	0	0	0	0	0	0	0	0	0	0	0	0	0	0	0	0
43	0	43	0	43	0	43	0	43	0	43	0	43	0	43	0	43	0	43	0	0	0	0	0	0	0	0	0	0	0	0	0	0	0	0	0	0	0	0	0	0	0	0
0	0	0	0	0	0	0	0	0	0	0	0	0	0	0	0	0	0	0	0	0	0	0	0	0	0	0	0	0	0	0	0	43	0	43	0	43	0	43	0	43	0	43
0	0	0	0	0	0	0	0	0	0	0	0	0	0	0	0	0	0	0	0	43	0	43	0	43	0	43	0	43	0	43	0	43	0	43	0	43	0	43	0	43	0	43
43	0	43	0	43	0	43	0	43	0	43	0	43	0	43	0	43	0	43	0	0	0	0	0	0	0	0	0	0	0	0	0	43	0	43	0	43	0	43	0	43	0	43
0	0	0	0	0	0	0	0	0	0	0	0	0	0	0	0	0	0	0	0	43	0	43	0	43	0	43	0	43	0	43	0	0	0	0	0	0	0	0	0	0	0	0
6	0	6	0	6	0	6	0	6	0	6	0	6	0	6	0	6	0	6	0	0	0	0	0	0	0	0	0	0	0	0	0	43	0	43	0	43	0	43	0	43	0	43
33	0	33	0	33	0	33	0	33	0	33	0	33	0	33	0	33	0	33	0	10	0	10	0	10	0	10	0	10	0	10	0	10	0	10	0	10	0	10	0	10	0	10
0	0	0	0	0	0	0	0	0	0	0	0	0	0	0	0	0	0	0	0	0	0	0	0	0	0	0	0	0	0	0	0	6	0	6	0	6	0	6	0	6	0	6
6	0	6	0	6	0	6	0	6	0	6	0	6	0	6	0	6	0	6	0	0	0	0	0	0	0	0	0	0	0	0	0	0	0	0	0	0	0	0	0	0	0	0
43	0	43	0	43	0	43	0	43	0	43	0	43	0	43	0	43	0	43	0	10	0	10	0	10	0	10	0	10	0	10	0	33	0	33	0	33	0	33	0	33	0	33
43	0	43	0	43	0	43	0	43	0	43	0	43	0	43	0	43	0	43	0	0	0	0	0	0	0	0	0	0	0	0	0	0	0	0	0	0	0	0	0	0	0	0
10	0	10	0	10	0	10	0	10	0	10	0	10	0	10	0	10	0	10	0	0	0	0	0	0	0	0	0	0	0	0	0	6	0	6	0	6	0	6	0	6	0	6
0	0	0	0	0	0	0	0	0	0	0	0	0	0	0	0	0	0	0	0	43	0	43	0	43	0	43	0	43	0	43	0	43	0	43	0	43	0	43	0	43	0	43
0	0	0	0	0	0	0	0	0	0	0	0	0	0	0	0	0	0	0	0	0	0	0	0	0	0	0	0	0	0	0	0	6	0	6	0	6	0	6	0	6	0	6
0	0	0	0	0	0	0	0	0	0	0	0	0	0	0	0	0	0	0	0	0	0	0	0	0	0	0	0	0	0	0	0	43	0	43	0	43	0	43	0	43	0	43
6	0	6	0	6	0	6	0	6	0	6	0	6	0	6	0	6	0	6	0	0	0	0	0	0	0	0	0	0	0	0	0	6	0	6	0	6	0	6	0	6	0	6
0	0	0	0	0	0	0	0	0	0	0	0	0	0	0	0	0	0	0	0	6	0	6	0	6	0	6	0	6	0	6	0	43	0	43	0	43	0	43	0	43	0	43
0	0	0	0	0	0	0	0	0	0	0	0	0	0	0	0	0	0	0	0	43	0	43	0	43	0	43	0	43	0	43	0	43	0	43	0	43	0	43	0	43	0	43
43	0	43	0	43	0	43	0	43	0	43	0	43	0	43	0	43	0	43	0	6	0	6	0	6	0	6	0	6	0	6	0	6	0	6	0	6	0	6	0	6	0	6
0	0	0	0	0	0	0	0	0	0	0	0	0	0	0	0	0	0	0	0	6	0	6	0	6	0	6	0	6	0	6	0	43	0	43	0	43	0	43	0	43	0	43
33	0	33	0	33	0	33	0	33	0	33	0	33	0	33	0	33	0	33	0	6	0	6	0	6	0	6	0	6	0	6	0	43	0	43	0	43	0	43	0	43	0	43
0	0	0	0	0	0	0	0	0	0	0	0	0	0	0	0	0	0	0	0	43	0	43	0	43	0	43	0	43	0	43	0	43	0	43	0	43	0	43	0	43	0	43
6	0	6	0	6	0	6	0	6	0	6	0	6	0	6	0	6	0	6	0	43	0	43	0	43	0	43	0	43	0	43	0	43	0	43	0	43	0	43	0	43	0	43
6	0	6	0	6	0	6	0	6	0	6	0	6	0	6	0	6	0	6	0	43	0	43	0	43	0	43	0	43	0	43	0	6	0	6	0	0	0	0	0	6	0	6
43	0	43	0	43	0	43	0	43	0	43	0	43	0	43	0	43	0	43	0	43	0	43	0	43	0	43	0	43	0	43	0	0	0	0	0	6	0	6	0	0	0	0
43	0	43	0	43	0	43	0	43	0	43	0	43	0	43	0	43	0	43	0	6	0	6	0	6	0	6	0	6	0	6	0	6	0	6	0	0	0	0	0	6	0	6
6	0	6	0	6	0	6	0	6	0	6	0	6	0	6	0	6	0	6	0	0	0	0	0	0	0	0	0	0	0	0	0	0	0	0	0	10	0	10	0	0	0	0
6	0	6	0	6	0	6	0	6	0	6	0	6	0	6	0	6	0	6	0	0	0	0	0	0	0	0	0	0	0	0	0	10	0	10	0	43	0	43	0	10	0	10
6	0	6	0	6	0	6	0	6	0	6	0	6	0	6	0	6	0	6	0	10	0	10	0	10	0	10	0	10	0	10	0	43	0	43	0	43	0	43	0	43	0	43
43	0	43	0	43	0	43	0	43	0	43	0	43	0	43	0	43	0	43	0	0	0	0	0	0	0	0	0	0	0	0	0	43	0	43	0	43	0	43	0	43	0	43
43	0	43	0	43	0	43	0	43	0	43	0	43	0	43	0	43	0	43	0	0	0	0	0	0	0	0	0	0	0	0	0	43	0	43	0	0	0	0	0	43	0	43
43	0	43	0	43	0	43	0	43	0	43	0	43	0	43	0	43	0	43	0	0	0	0	0	0	0	0	0	0	0	0	0	0	0	0	0	0	0	0	0	0	0	0
6	0	6	0	6	0	6	0	6	0	6	0	6	0	6	0	6	0	6	0	0	0	0	0	0	0	0	0	0	0	0	0	0	0	0	0	6	0	6	0	0	0	0
43	0	43	0	43	0	43	0	43	0	43	0	43	0	43	0	43	0	43	0	6	0	6	0	6	0	6	0	6	0	6	0	6	0	6	0	44	0	44	0	6	0	6
43	0	43	0	43	0	43	0	43	0	43	0	43	0	43	0	44	0	44	0	0	0	0	0	0	0	0	0	0	0	0	0	44	0	44	0	43	0	43	0	44	0	44
43	0	43	0	43	0	43	0	43	0	43	0	43	0	43	0	43	0	43	0	0	0	0	0	0	0	0	0	0	0	0	0	43	0	43	0	6	0	6	0	43	0	43
6	0	6	0	6	0	6	0	6	0	6	0	6	0	6	0	6	0	6	0	0	0	0	0	0	0	0	0	0	0	0	0	6	0	6	0	0	0	0	0	6	0	6
0	0	0	0	0	0	0	0	0	0	0	0	0	0	0	0	0	0	0	0	0	0	0	0	0	0	0	0	0	0	0	0	0	0	0	0	0	0	0	0	0	0	0
44	0	44	0	44	0	44	0	44	0	44	0	44	0	44	0	44	0	44	0	0	0	0	0	0	0	0	0	0	0	0	0	0	0	0	0	0	0	0	0	0	0	0
0	0	0	0	0	0	0	0	0	0	0	0	0	0	0	0	33	0	33	0	0	0	0	0	0	0	0	0	0	0	0	0	0	0	0	0	0	0	0	0	0	0	0
10	0	10	0	10	0	10	0	10	0	10	0	10	0	10	0	10	0	10	0	0	0	0	0	0	0	0	0	0	0	0	0	0	0	0	0	0	0	0	0	0	0	0
0	0	0	0	0	0	0	0	0	0	0	0	0	0	0	0	0	0	0	0	0	0	0	0	0	0	0	0	0	0	0	0	0	0	0	0	0	0	0	0	0	0	0
10	0	10	0	10	0	10	0	10	0	10	0	10	0	10	0	10	0	10	0	0	0	0	0	0	0	0	0	0	0	0	0	0	0	0	0	0	0	0	0	0	0	0
0	0	0	0	0	0	0	0	0	0	0	0	0	0	0	0	0	0	0	0	0	0	0	0	0	0	0	0	0	0	0	0	0	0	0	0	0	0	0	0	0	0	0
0	0	0	0	0	0	0	0	0	0	0	0	0	0	0	0	0	0	0	0	0	0	0	0	0	0	0	0	0	0	0	0	0	0	0	0	0	0	0	0	0	0	0
0	0	0	0	0	0	0	0	0	0	0	0	0	0	0	0	0	0	0	0	0	0	0	0	0	0	0	0	0	0	0	0	0	0	0	0	0	0	0	0	0	0	0
44	0	44	0	44	0	44	0	44	0	44	0	44	0	44	0	44	0	44	0	0	0	0	0	0	0	0	0	0	0	0	0	0	0	0	0	0	0	0	0	0	0	0
0	0	0	0	0	0	0	0	0	0	0	0	0	0	0	0	0	0	0	0	0	0	0	0	0	0	0	0	0	0	0	0	0	0	0	0	0	0	0	0	0	0	0
43	0	43	0	43	0	43	0	43	0	43	0	43	0	43	0	43	0	43	0	0	0	0	0	0	0	0	0	0	0	0	0	0	0	0	0	0	0	0	0	0	0	0
